NAME	= RESULTS
DESCRIPTION	= 
UNIT	= 
DATAFORMAT	= FLOAT
DATAFILE_OFFSET	= 0
BYTEORDER_BIG	= FALSE
TOPTOBOTTOM	= FALSE
POSITION_XMIN	= 722561.6829207991249859
POSITION_YMIN	= 9889331.0031119827181101
CELLCOUNT_X	= 3614
CELLCOUNT_Y	= 3590
CELLSIZE	= 30.8355953461435384
Z_FACTOR	= 1.000000
Z_OFFSET	= 0.000000
NODATA_VALUE	= -99999.000000;-99999.000000
